0.000000 0.000000
0.012658 0.000020
0.025316 0.000048
0.037975 0.000095
0.050633 0.000179
0.063291 0.000326
0.075949 0.000577
0.088608 0.000998
0.101266 0.001686
0.113924 0.002781
0.126582 0.004478
0.139241 0.007047
0.151899 0.010834
0.164557 0.016280
0.177215 0.023916
0.189873 0.034355
0.202532 0.048272
0.215190 0.066366
0.227848 0.089307
0.240506 0.117674
0.253165 0.151882
0.265823 0.192115
0.278481 0.238267
0.291139 0.289903
0.303797 0.346248
0.316456 0.406217
0.329114 0.468468
0.341772 0.531494
0.354430 0.593728
0.367089 0.653654
0.379747 0.709918
0.392405 0.761408
0.405063 0.807309
0.417722 0.847121
0.430380 0.880642
0.443038 0.907914
0.455696 0.929157
0.468354 0.944682
0.481013 0.954812
0.493671 0.959805
0.506329 0.959805
0.518987 0.954812
0.531646 0.944682
0.544304 0.929157
0.556962 0.907914
0.569620 0.880642
0.582278 0.847121
0.594937 0.807309
0.607595 0.761408
0.620253 0.709918
0.632911 0.653654
0.645570 0.593728
0.658228 0.531494
0.670886 0.468468
0.683544 0.406217
0.696203 0.346248
0.708861 0.289903
0.721519 0.238267
0.734177 0.192115
0.746835 0.151882
0.759494 0.117674
0.772152 0.089307
0.784810 0.066366
0.797468 0.048272
0.810127 0.034355
0.822785 0.023916
0.835443 0.016280
0.848101 0.010834
0.860759 0.007047
0.873418 0.004478
0.886076 0.002781
0.898734 0.001686
0.911392 0.000998
0.924051 0.000577
0.936709 0.000326
0.949367 0.000179
0.962025 0.000095
0.974684 0.000048
0.987342 0.000020
1.000000 0.000000
